date,last_update,country,intensive_care,total_hospitalized,total_currently_positive,total_positive,tests_performed,released,deaths,home_confinment,new_positive,old_positive,hospitalized_with_symptoms,new_deaths,old_deaths,doubling_time_total_positive,doubling_time_fatalities
2020-02-25,2020-04-20 14:14:40,CH,0,0,1,1,72,0,0,0,,0,0,,0,0.0,0.0
2020-02-26,2020-04-20 14:14:40,CH,0,1,2,2,178,0,0,0,1,1,0,0,0,0.0,0.0
2020-02-27,2020-04-20 14:14:40,CH,0,2,6,6,329,0,0,0,4,2,0,0,0,0.0,0.0
2020-02-28,2020-04-20 14:14:40,CH,0,10,12,12,536,0,0,0,6,6,0,0,0,0.0,0.0
2020-02-29,2020-04-20 14:14:40,CH,0,12,19,19,676,0,0,0,7,12,0,0,0,0.0,0.0
2020-03-01,2020-04-20 14:14:40,CH,0,13,26,26,815,0,0,0,7,19,0,0,0,1.06373,0.0
2020-03-02,2020-04-20 14:14:40,CH,0,16,36,36,1138,0,0,0,10,26,0,0,0,1.199062,0.0
2020-03-03,2020-04-20 14:14:40,CH,0,20,52,52,1258,0,0,0,16,36,0,0,0,1.604891,0.0
2020-03-04,2020-04-20 14:14:40,CH,1,28,72,72,1369,0,0,0,20,52,0,0,0,1.934264,0.0
2020-03-05,2020-04-20 14:14:40,CH,1,31,117,117,1435,0,0,0,45,72,0,0,0,1.906623,0.0
2020-03-06,2020-04-20 14:14:40,CH,4,38,182,182,1539,1,1,0,65,117,0,1,0,1.781036,0.0
2020-03-07,2020-04-20 14:14:40,CH,6,39,254,254,1616,1,1,0,72,182,0,0,1,1.77383,0.0
2020-03-08,2020-04-20 14:14:40,CH,5,48,309,309,1689,1,2,0,55,254,0,1,1,1.944751,0.0
2020-03-09,2020-04-20 14:14:40,CH,13,64,386,386,1804,3,2,0,77,309,0,0,2,2.063956,0.0
2020-03-10,2020-04-20 14:14:40,CH,15,90,527,527,2029,12,4,0,141,386,0,2,2,2.302774,0.0
2020-03-11,2020-04-20 14:14:40,CH,18,111,690,690,2288,17,7,0,163,527,0,3,4,2.600567,1.781036
2020-03-12,2020-04-20 14:14:40,CH,20,126,1025,1025,2660,18,8,0,335,690,0,1,7,2.484196,1.666667
2020-03-13,2020-04-20 14:14:40,CH,35,220,1313,1313,3138,18,8,0,288,1025,0,0,8,2.395567,2.5
2020-03-14,2020-04-20 14:14:40,CH,38,241,1601,1601,3830,18,12,0,288,1313,0,4,8,2.43629,1.934264
2020-03-15,2020-04-20 14:14:40,CH,42,268,1863,1863,4274,21,19,0,262,1601,0,7,12,2.744609,2.224271
2020-03-16,2020-04-20 14:14:40,CH,53,336,2422,2422,4985,22,28,0,559,1863,0,9,19,2.760097,2.5
2020-03-17,2020-04-20 14:14:40,CH,70,395,3056,3056,5632,55,35,0,634,2422,0,7,28,3.172547,2.348208
2020-03-18,2020-04-20 14:14:40,CH,72,459,4144,4144,6372,76,47,0,1088,3056,0,12,35,3.015396,1.957262
2020-03-19,2020-04-20 14:14:40,CH,108,660,5416,5416,7086,120,53,0,1272,4144,0,6,47,2.84373,2.333224
2020-03-20,2020-04-20 14:14:40,CH,120,766,6553,6553,7612,139,75,0,1137,5416,0,22,53,2.755538,2.524116
2020-03-21,2020-04-20 14:14:40,CH,140,869,7370,7370,7977,161,91,0,817,6553,0,16,75,3.114361,2.940416
2020-03-22,2020-04-20 14:14:40,CH,171,1060,7985,7985,8234,182,110,0,615,7370,0,19,91,3.60842,3.026494
2020-03-23,2020-04-20 14:14:40,CH,200,1166,9238,9238,8636,223,137,0,1253,7985,0,27,110,4.323178,3.23951
2020-03-24,2020-04-20 14:14:40,CH,203,1306,10236,10236,8973,369,158,0,998,9238,0,21,137,5.444533,3.17287
2020-03-25,2020-04-20 14:14:40,CH,236,1409,11263,11263,9412,444,190,0,1027,10236,0,32,158,6.399069,3.728458
2020-03-26,2020-04-20 14:14:40,CH,262,1558,12508,12508,10745,547,233,0,1245,11263,0,43,190,6.552096,3.686251
2020-03-27,2020-04-20 14:14:40,CH,285,1732,13809,13809,11246,655,267,0,1301,12508,0,34,233,6.327155,3.908277
2020-03-28,2020-04-20 14:14:40,CH,319,1811,14723,14723,11849,735,307,0,914,13809,0,40,267,7.435837,4.295301
2020-03-29,2020-04-20 14:14:40,CH,338,1920,15478,15478,12171,801,343,0,755,14723,0,36,307,8.381288,4.471136
2020-03-30,2020-04-20 14:14:40,CH,380,2120,16513,16513,12849,939,399,0,1035,15478,0,56,343,9.057789,4.671198
2020-03-31,2020-04-20 14:14:40,CH,408,2163,17509,17509,13603,1308,470,0,996,16513,0,71,399,10.304061,4.939097
2020-04-01,2020-04-20 14:14:40,CH,437,2261,18522,18522,14256,1479,527,0,1013,17509,0,57,470,11.802723,5.097031
2020-04-02,2020-04-20 14:14:40,CH,443,2330,19626,19626,15189,1644,580,0,1104,18522,0,53,527,12.057069,5.447725
2020-04-03,2020-04-20 14:14:40,CH,457,2326,20551,20551,16006,1796,640,0,925,19626,0,60,580,12.225252,5.556399
2020-04-04,2020-04-20 14:14:40,CH,458,2314,21164,21164,16619,1951,713,0,613,20551,0,73,640,13.966087,5.970054
2020-04-05,2020-04-20 14:14:40,CH,449,2304,21648,21648,16949,2111,760,0,484,21164,0,47,713,16.332554,7.211483
2020-04-06,2020-04-20 14:14:40,CH,448,2325,22289,22289,17543,2234,814,0,641,21648,0,54,760,18.720141,7.97161
2020-04-07,2020-04-20 14:14:40,CH,445,2259,22919,22919,18175,2557,868,0,630,22289,0,54,814,22.343579,8.596351
2020-04-08,2020-04-20 14:14:40,CH,442,2154,23682,23682,18882,2812,934,0,763,22919,0,66,868,24.440039,9.168413
2020-04-09,2020-04-20 14:14:40,CH,436,2089,24340,24340,19370,2962,986,0,658,23682,0,52,934,24.787221,10.690943
2020-04-10,2020-04-20 14:14:40,CH,434,2049,24840,24840,19816,3046,1044,0,500,24340,0,58,986,25.197621,10.91583
2020-04-11,2020-04-20 14:14:40,CH,439,1966,25307,25307,20161,3212,1085,0,467,24840,0,41,1044,27.291891,12.059981
2020-04-12,2020-04-20 14:14:40,CH,419,1930,25635,25635,20331,3314,1134,0,328,25307,0,49,1085,30.946186,12.965
2020-04-13,2020-04-20 14:14:40,CH,420,1924,25858,25858,20602,3388,1165,0,223,25635,0,31,1134,39.42603,15.682068
2020-04-14,2020-04-20 14:14:40,CH,405,1888,26162,26162,21138,3556,1211,0,304,25858,0,46,1165,48.010601,16.861171
2020-04-15,2020-04-20 14:14:40,CH,380,1769,26466,26466,21469,3720,1263,0,304,26162,0,52,1211,54.659747,18.199493
2020-04-16,2020-04-20 14:14:40,CH,362,1706,26811,26811,22077,3880,1305,0,345,26466,0,42,1263,60.032272,18.771956
2020-04-17,2020-04-20 14:14:40,CH,346,1620,27113,27113,22434,3988,1349,0,302,26811,0,44,1305,61.827735,19.962494
2020-04-18,2020-04-20 14:14:40,CH,332,1587,27413,27413,22813,4103,1381,0,300,27113,0,32,1349,59.347514,20.376279
2020-04-19,2020-04-20 14:14:40,CH,322,1542,27587,27587,22813,4173,1402,0,174,27413,0,21,1381,65.34603,23.66444
2020-04-20,2020-04-20 14:14:40,CH,320,1547,27682,27682,22813,4199,1419,0,95,27587,0,17,1402,77.150952,29.758371
